function bestChrom = GetBestChromosome()
    bestChrom = [9.0912,9.8724,1.5372,-9.5287,7.353,-2.1243,-5.1315,-9.2242,-6.8711,0.85608,-7.5478,-8.6258,2.8777,9.7179,-3.2394,3.5358,-7.9959,-8.0208,-9.4425,4.8206,6.2776,-9.0031,5.548,-1.0412,-6.9115,-4.227,-5.0943,-6.0772,-5.6283,5.3543,-2.6237,-9.636
];
end