path =

  Columns 1 through 25

    49    50    43    42    45    41    39    34    33    31    24    21    18    25    26    23    19    16    22    29    32    36    40    48    46

  Columns 26 through 50

    47    44     1     9    15    27    35    38    37    17    14    13     8     7     3     6    12    11    10     2     4     5    20    28    30


minimumPathLength =

  121.7534







path =

  Columns 1 through 17

     4     2     1     5     9    15    10    11    12     6     3     7     8    13    14    17    16

  Columns 18 through 34

    19    23    26    25    30    29    32    36    40    48    46    47    44    41    39    42    45

  Columns 35 through 50

    50    49    43    37    38    35    27    24    21    18    22    28    20    33    31    34


minimumPathLength =

  121.3400