bestFitness =

   3.5113e+08


ans =

   2.8480e-09